68
5
2370
1
2370
1
0
69
5
2370
538
2370
538
0
70
3
2869
145
2869
145
0
71
5
3205
1
3205
1
0
72
11
3204
516
3204
516
0
73
9
2876
122
2876
122
0
1
74
9
2189
4096
2189
4096
0
1
888888
77
3
313
460
313
460
0
78
3
841
232
841
232
0
79
3
733
4096
733
4096
0
80
3
1390
345
1390
345
0
81
3
1788
224
1788
224
0
82
3
2411
271
2411
271
0
888888
888888
999999
888888
888888
888888
999999
888888
888888
888888
999999
68
3
93
395
93
395
0
69
4
689
2
689
2
0
70
4
27
4096
27
4096
0
888888
888888
888888
999999
68
5
2370
1
2370
1
0
69
5
2370
538
2370
538
0
70
3
2869
145
2869
145
0
71
5
3205
1
3205
1
0
72
11
3204
516
3204
516
0
73
9
2876
122
2876
122
0
1
74
9
2189
4096
2189
4096
0
1
75
3
125
312
125
312
0
76
4
618
2
618
2
0
77
3
313
460
313
460
0
78
3
841
232
841
232
0
79
3
733
4096
733
4096
0
80
3
1390
345
1390
345
0
81
3
1788
224
1788
224
0
82
3
2411
271
2411
271
0
888888
888888
999999
888888
888888
888888
999999
68
5
2370
1
2370
1
0
69
5
2370
538
2370
538
0
70
3
2869
145
2869
145
0
71
5
3205
1
3205
1
0
72
11
3204
516
3204
516
0
73
9
2876
122
2876
122
0
1
74
9
2189
4096
2189
4096
0
1
888888
77
3
313
460
313
460
0
78
3
841
232
841
232
0
79
3
733
4096
733
4096
0
80
3
1390
345
1390
345
0
81
3
1788
224
1788
224
0
82
3
2411
271
2411
271
0
888888
888888
999999
68
5
2370
1
2370
1
0
69
5
2370
538
2370
538
0
70
3
2869
145
2869
145
0
71
5
3205
1
3205
1
0
72
11
3204
516
3204
516
0
73
9
2876
122
2876
122
0
1
74
9
2189
4096
2189
4096
0
1
888888
77
3
313
460
313
460
0
78
3
841
232
841
232
0
79
3
733
4096
733
4096
0
80
3
1390
345
1390
345
0
81
3
1788
224
1788
224
0
82
3
2411
271
2411
271
0
888888
888888
999999
68
5
2370
1
2370
1
0
69
5
2370
538
2370
538
0
70
3
2869
145
2869
145
0
71
5
3205
1
3205
1
0
72
11
3204
516
3204
516
0
73
9
2876
122
2876
122
0
1
74
9
2189
4096
2189
4096
0
1
75
3
124
313
124
313
0
76
4
616
2
616
2
0
77
3
313
460
313
460
0
78
3
841
232
841
232
0
79
3
733
4096
733
4096
0
80
3
1390
345
1390
345
0
81
3
1788
224
1788
224
0
82
3
2411
271
2411
271
0
888888
888888
999999
